0 off
1 blue
2 red
3 white
4 fadered

spray red

#camo
solid

1,2,1,1,
1,1,1,1,200,500,

0,2,0,0,
1,1,1,1,200,500,

1,4,1,1,
0,0,0,0,200,500,

1,4,1,1,
1,1,1,1,200,500,

3,2,3,3,
1,1,1,1,200,500,

0,2,0,0,
3,3,3,3,200,500,


#ink
solid

1,2,1,1,
1,1,1,1,50,180,

0,2,0,0,
1,1,1,1,50,180,

1,2,1,1,
0,0,0,0,50,180,

1,2,1,1,
1,1,1,1,50,180,

3,2,3,3,
1,1,1,1,50,180,

0,2,0,0,
3,3,3,3,50,180,

1,2,1,1,
0,0,0,0,50,180

#doubleink
solid

1,2,1,1,
1,1,1,1,50,180,

0,2,0,0,
1,1,1,1,50,180,

1,2,1,1,
0,0,0,0,50,180,

1,2,1,1,
1,1,1,1,50,180,

3,2,3,3,
1,1,1,1,50,180,

0,2,0,0,
3,3,3,3,50,180,

1,2,1,1,
0,0,0,0,50,180
